5 0 0 6 0 0 0 0 0
0 0 0 1 0 0 0 3 0
0 0 4 0 0 0 0 2 0
0 0 0 0 0 0 0 0 0
0 2 0 0 0 0 7 0 0
1 6 0 5 0 0 0 0 0
0 0 0 0 0 0 6 0 0
0 0 0 0 3 0 0 0 1
0 0 8 0 4 0 5 0 0
5 8 2 6 9 3 4 1 7
9 7 6 1 2 4 8 3 5
3 1 4 7 5 8 9 2 6
8 9 3 4 6 7 1 5 2
4 2 5 3 1 9 7 6 8
1 6 7 5 8 2 3 9 4
2 4 1 9 7 5 6 8 3
7 5 9 8 3 6 2 4 1
6 3 8 2 4 1 5 7 9
depth of DFS:20
times of DFS called:6526

5 0 0 0 0 0 6 0 0
0 0 0 0 3 0 1 0 0
0 0 4 0 2 0 0 0 0
0 0 0 0 0 0 0 0 0
0 2 0 7 0 0 0 0 0
1 6 0 0 0 0 5 0 0
0 0 0 6 0 0 0 0 0
0 0 0 0 0 1 0 3 0
0 0 8 5 0 0 0 4 0
5 8 2 4 1 7 6 9 3
9 7 6 8 3 5 1 2 4
3 1 4 9 2 6 7 5 8
8 9 3 1 5 2 4 6 7
4 2 5 7 6 8 3 1 9
1 6 7 3 9 4 5 8 2
2 4 1 6 8 3 9 7 5
7 5 9 2 4 1 8 3 6
6 3 8 5 7 9 2 4 1
depth of DFS:20
times of DFS called:6016

0 0 5 0 0 6 0 0 0
0 0 0 0 0 1 0 3 0
4 0 0 0 0 0 0 2 0
0 0 0 0 0 0 0 0 0
0 2 0 0 0 0 0 0 7
0 6 1 0 0 5 0 0 0
0 0 0 0 0 0 0 0 6
0 0 0 0 3 0 1 0 0
8 0 0 0 4 0 0 0 5
2 8 5 3 9 6 7 1 4
6 7 9 4 2 1 5 3 8
4 1 3 8 5 7 6 2 9
3 9 8 7 6 4 2 5 1
5 2 4 9 1 3 8 6 7
7 6 1 2 8 5 4 9 3
1 4 2 5 7 9 3 8 6
9 5 7 6 3 8 1 4 2
8 3 6 1 4 2 9 7 5
depth of DFS:21
times of DFS called:5926

0 0 6 0 0 3 0 0 0
0 0 2 0 0 0 0 5 0
0 0 0 4 0 0 0 1 0
0 0 0 0 0 0 0 0 0
0 0 0 0 1 0 0 0 7
0 0 3 0 6 2 0 0 0
0 0 0 0 0 0 0 0 6
0 5 0 0 0 0 2 0 0
0 4 0 8 0 0 0 0 3
5 9 6 1 8 3 7 2 4
4 1 2 6 7 9 3 5 8
8 3 7 4 2 5 6 1 9
7 6 4 5 9 8 1 3 2
9 2 5 3 1 4 8 6 7
1 8 3 7 6 2 4 9 5
3 7 9 2 4 1 5 8 6
6 5 8 9 3 7 2 4 1
2 4 1 8 5 6 9 7 3
depth of DFS:21
times of DFS called:5698

6 0 0 0 0 0 5 0 0
1 0 0 0 3 0 0 0 0
0 0 0 0 2 0 0 0 4
0 0 0 6 0 0 0 0 0
0 3 0 0 0 1 0 0 0
0 4 0 5 0 0 0 0 8
0 0 0 0 0 0 0 0 0
0 0 0 7 0 0 0 2 0
5 0 0 0 0 0 1 6 0
6 9 3 4 1 7 5 8 2
1 2 4 8 3 5 9 7 6
7 5 8 9 2 6 3 1 4
9 7 5 6 8 3 2 4 1
8 3 6 2 4 1 7 5 9
2 4 1 5 7 9 6 3 8
4 6 7 1 5 2 8 9 3
3 1 9 7 6 8 4 2 5
5 8 2 3 9 4 1 6 7
depth of DFS:19
times of DFS called:5550

0 0 5 0 0 0 0 4 0
0 0 0 6 0 0 0 3 0
6 0 0 1 0 0 0 0 0
0 7 0 0 3 0 0 0 0
0 0 0 0 0 0 1 0 2
0 0 0 0 0 0 6 0 0
2 1 0 0 5 0 0 0 0
0 0 0 0 0 7 8 0 0
0 0 0 0 0 4 0 0 0
1 3 5 7 8 2 9 4 6
9 8 2 6 4 5 7 3 1
6 4 7 1 9 3 5 2 8
8 7 6 2 3 1 4 5 9
3 5 9 4 6 8 1 7 2
4 2 1 5 7 9 6 8 3
2 1 4 8 5 6 3 9 7
5 6 3 9 2 7 8 1 4
7 9 8 3 1 4 2 6 5
depth of DFS:19
times of DFS called:5207

0 0 0 0 0 5 0 4 0
6 0 0 0 0 0 0 1 0
9 0 0 6 0 0 0 0 0
0 1 0 0 7 0 0 0 0
0 0 0 0 0 0 9 0 2
0 0 0 0 0 0 6 0 0
0 5 0 2 9 0 0 0 0
0 0 7 0 0 0 8 0 0
0 0 4 0 0 0 0 0 0
7 8 2 9 1 5 3 4 6
6 4 5 3 8 2 7 1 9
9 3 1 6 4 7 5 2 8
2 1 9 8 7 6 4 5 3
4 6 8 1 5 3 9 7 2
5 7 3 4 2 9 6 8 1
8 5 6 2 9 4 1 3 7
3 2 7 5 6 1 8 9 4
1 9 4 7 3 8 2 6 5
depth of DFS:19
times of DFS called:5198

0 0 6 0 0 0 0 0 5
0 0 1 0 3 0 0 0 0
0 0 0 0 2 0 4 0 0
0 0 0 0 0 0 0 0 0
0 0 0 0 0 7 0 2 0
0 0 5 0 0 0 0 6 1
0 0 0 0 0 6 0 0 0
0 3 0 1 0 0 0 0 0
0 4 0 0 0 5 8 0 0
3 9 6 7 1 4 2 8 5
4 2 1 5 3 8 6 7 9
8 5 7 6 2 9 4 1 3
7 6 4 2 5 1 3 9 8
9 1 3 8 6 7 5 2 4
2 8 5 4 9 3 7 6 1
5 7 9 3 8 6 1 4 2
6 3 8 1 4 2 9 5 7
1 4 2 9 7 5 8 3 6
depth of DFS:19
times of DFS called:5194

2 0 0 0 0 0 0 0 0
0 0 0 5 0 0 0 0 0
4 0 7 0 0 0 8 0 0
0 0 0 0 0 0 0 0 2
0 0 3 0 9 8 0 0 0
0 6 0 3 0 0 0 1 0
0 0 0 0 0 0 0 0 0
0 0 0 0 2 7 0 0 0
1 3 0 0 0 0 5 0 0
2 9 6 7 8 3 4 5 1
3 8 1 5 4 6 2 7 9
4 5 7 9 1 2 8 3 6
9 7 4 6 5 1 3 8 2
5 1 3 2 9 8 7 6 4
8 6 2 3 7 4 9 1 5
7 2 9 1 3 5 6 4 8
6 4 5 8 2 7 1 9 3
1 3 8 4 6 9 5 2 7
depth of DFS:21
times of DFS called:5049

0 9 4 0 0 0 0 8 0
0 0 0 0 1 7 0 0 0
0 0 0 0 0 0 0 5 0
0 0 0 4 0 6 7 0 0
0 0 0 0 0 0 2 0 3
0 0 0 0 0 0 1 0 0
1 7 0 0 3 0 0 0 0
2 0 0 0 0 0 0 0 0
0 0 0 6 0 0 0 0 0
7 9 4 2 5 3 6 8 1
5 6 8 9 1 7 4 3 2
3 1 2 8 6 4 9 5 7
8 3 1 4 2 6 7 9 5
9 4 5 7 8 1 2 6 3
6 2 7 3 9 5 1 4 8
1 7 6 5 3 9 8 2 4
2 5 9 1 4 8 3 7 6
4 8 3 6 7 2 5 1 9
depth of DFS:20
times of DFS called:4919

0 0 0 8 0 1 0 0 5
2 0 0 0 0 0 0 0 3
0 1 0 0 0 2 0 0 0
0 4 0 0 0 0 0 1 0
0 0 8 0 3 0 0 0 0
0 0 0 0 5 0 0 0 0
0 0 5 0 6 0 0 0 7
0 0 0 0 0 4 8 0 0
0 0 0 0 0 0 0 0 0
4 7 3 8 9 1 2 6 5
2 8 9 6 4 5 1 7 3
5 1 6 3 7 2 9 8 4
3 4 7 2 8 9 5 1 6
9 5 8 1 3 6 7 4 2
6 2 1 4 5 7 3 9 8
1 3 5 9 6 8 4 2 7
7 6 2 5 1 4 8 3 9
8 9 4 7 2 3 6 5 1
depth of DFS:18
times of DFS called:4912

4 9 0 0 0 0 0 8 0
0 0 0 7 5 0 0 0 0
0 0 0 0 0 0 0 1 0
0 0 0 6 0 4 0 0 7
0 0 0 0 0 0 3 0 2
0 0 0 0 0 0 0 0 5
0 7 5 0 3 0 0 0 0
0 0 2 0 0 0 0 0 0
0 0 0 0 0 6 0 0 0
4 9 7 3 1 2 5 8 6
8 6 1 7 5 9 2 3 4
2 5 3 4 6 8 7 1 9
5 3 8 6 2 4 1 9 7
1 4 9 5 8 7 3 6 2
7 2 6 1 9 3 8 4 5
6 7 5 9 3 1 4 2 8
9 1 2 8 4 5 6 7 3
3 8 4 2 7 6 9 5 1
depth of DFS:20
times of DFS called:4869

0 0 0 0 1 0 0 0 0
0 0 0 0 0 0 3 0 2
0 3 0 0 0 0 6 0 5
0 0 9 0 0 0 0 4 0
0 0 8 0 0 3 0 0 0
0 0 0 2 0 5 0 0 0
0 0 0 0 0 0 0 9 0
0 5 0 0 0 6 0 0 0
0 0 1 0 0 0 0 0 7
6 8 5 3 1 2 9 7 4
7 9 4 6 5 8 3 1 2
1 3 2 9 7 4 6 8 5
3 2 9 7 6 1 5 4 8
5 7 8 4 9 3 2 6 1
4 1 6 2 8 5 7 3 9
8 4 3 5 2 7 1 9 6
9 5 7 1 4 6 8 2 3
2 6 1 8 3 9 4 5 7
depth of DFS:19
times of DFS called:4799

4 5 0 0 0 0 0 7 0
0 0 0 8 6 0 0 0 0
0 0 0 0 0 0 0 1 0
0 0 0 4 0 5 0 0 8
0 0 0 0 0 0 3 0 2
0 0 0 0 0 0 0 0 6
0 8 6 0 3 0 0 0 0
0 0 2 0 0 0 0 0 0
0 0 0 0 0 9 0 0 0
4 5 8 3 1 2 6 7 9
7 9 1 8 6 4 2 3 5
2 6 3 9 5 7 8 1 4
6 3 7 4 2 5 1 9 8
1 4 9 6 7 8 3 5 2
8 2 5 1 9 3 7 4 6
9 8 6 5 3 1 4 2 7
5 1 2 7 4 6 9 8 3
3 7 4 2 8 9 5 6 1
depth of DFS:20
times of DFS called:4681

0 0 0 0 9 0 0 5 4
0 6 8 0 0 0 0 0 0
0 0 0 0 1 0 0 0 0
0 3 0 0 0 0 6 8 0
0 0 0 0 0 0 2 0 0
7 0 0 0 0 0 0 0 0
5 0 4 8 0 0 0 0 0
0 0 0 2 0 3 0 0 0
0 0 0 6 0 0 0 0 0
2 1 3 7 9 6 8 5 4
4 6 8 5 3 2 1 7 9
9 5 7 4 1 8 3 6 2
1 3 5 9 2 4 6 8 7
6 4 9 3 8 7 2 1 5
7 8 2 1 6 5 4 9 3
5 2 4 8 7 1 9 3 6
8 9 6 2 5 3 7 4 1
3 7 1 6 4 9 5 2 8
depth of DFS:20
times of DFS called:4659

0 0 0 4 0 7 0 3 0
2 0 0 0 0 0 0 0 0
0 0 0 1 0 0 0 0 0
5 1 0 3 0 0 0 0 0
0 4 0 0 0 0 7 0 0
0 0 0 0 0 0 0 0 6
0 0 4 0 0 0 0 1 0
0 0 0 0 2 0 8 0 0
0 0 0 0 9 0 5 0 0
6 9 8 4 5 7 1 3 2
2 7 1 9 3 8 4 6 5
4 3 5 1 6 2 9 8 7
5 1 7 3 4 6 2 9 8
3 4 6 2 8 9 7 5 1
9 8 2 7 1 5 3 4 6
8 2 4 5 7 3 6 1 9
1 5 9 6 2 4 8 7 3
7 6 3 8 9 1 5 2 4
depth of DFS:22
times of DFS called:4541

0 0 0 0 0 0 0 7 0
0 0 0 0 9 0 0 0 8
0 6 0 0 3 5 0 0 1
0 0 0 0 0 6 0 0 0
0 0 2 4 0 0 0 0 0
9 0 0 0 0 0 0 3 0
0 0 0 0 0 0 9 0 0
0 0 0 0 0 0 2 0 0
0 4 8 0 0 1 0 0 0
3 2 9 1 8 4 5 7 6
4 5 1 6 9 7 3 2 8
8 6 7 2 3 5 4 9 1
7 8 5 3 2 6 1 4 9
6 3 2 4 1 9 8 5 7
9 1 4 5 7 8 6 3 2
5 7 3 8 6 2 9 1 4
1 9 6 7 4 3 2 8 5
2 4 8 9 5 1 7 6 3
depth of DFS:18
times of DFS called:4501

2 0 0 0 0 0 0 0 0
0 0 0 1 0 0 0 0 0
4 0 7 0 0 0 8 0 0
0 0 0 0 0 0 0 0 0
0 0 0 0 2 7 0 0 0
5 3 0 0 0 0 1 0 0
0 0 0 0 0 0 0 0 2
0 0 3 0 9 8 0 0 0
0 6 0 3 0 0 0 5 0
2 9 6 7 8 3 4 1 5
3 8 5 1 4 6 2 7 9
4 1 7 9 5 2 8 3 6
7 2 9 5 3 1 6 4 8
6 4 1 8 2 7 5 9 3
5 3 8 4 6 9 1 2 7
9 7 4 6 1 5 3 8 2
1 5 3 2 9 8 7 6 4
8 6 2 3 7 4 9 5 1
depth of DFS:20
times of DFS called:4447

0 3 0 5 0 4 0 0 0
0 0 0 0 0 0 0 0 2
0 0 0 0 0 6 0 0 0
0 0 0 0 0 3 0 6 7
0 0 5 0 0 0 0 4 0
9 0 0 0 0 0 0 0 0
0 6 0 0 0 0 4 0 0
0 0 8 0 2 0 0 0 0
0 0 7 0 1 0 0 0 0
2 3 6 5 7 4 8 1 9
7 9 4 8 3 1 6 5 2
5 8 1 2 9 6 7 3 4
8 1 2 9 4 3 5 6 7
6 7 5 1 8 2 9 4 3
9 4 3 7 6 5 2 8 1
1 6 9 3 5 7 4 2 8
3 5 8 4 2 9 1 7 6
4 2 7 6 1 8 3 9 5
depth of DFS:20
times of DFS called:4428

0 0 0 0 0 0 0 1 0
7 0 0 2 0 0 0 0 0
4 8 0 0 0 0 0 3 0
0 1 0 0 8 0 0 0 0
0 5 0 0 0 0 2 0 0
0 0 0 0 0 0 7 0 6
0 0 0 0 3 0 0 0 0
0 0 0 0 0 0 9 0 0
6 0 2 7 0 0 0 0 0
2 6 5 8 9 3 4 1 7
7 3 1 2 5 4 8 6 9
4 8 9 1 6 7 5 3 2
9 1 7 6 8 2 3 4 5
3 5 6 4 7 9 2 8 1
8 2 4 3 1 5 7 9 6
5 7 8 9 3 1 6 2 4
1 4 3 5 2 6 9 7 8
6 9 2 7 4 8 1 5 3
depth of DFS:18
times of DFS called:4392

0 0 0 0 0 0 0 7 0
0 0 0 0 6 5 0 0 0
4 0 0 0 0 0 0 0 1
8 0 0 1 0 0 0 0 0
0 0 0 0 0 7 6 0 0
0 2 0 0 0 0 0 3 0
0 0 0 0 0 0 2 0 0
0 0 0 8 0 0 5 0 0
0 6 7 0 3 0 0 0 0
2 5 9 4 1 3 8 7 6
7 1 8 9 6 5 3 4 2
4 3 6 7 8 2 9 5 1
8 7 3 1 9 6 4 2 5
9 4 5 3 2 7 6 1 8
6 2 1 5 4 8 7 3 9
3 8 4 6 5 1 2 9 7
1 9 2 8 7 4 5 6 3
5 6 7 2 3 9 1 8 4
depth of DFS:19
times of DFS called:4217

6 0 0 0 0 0 0 0 7
0 0 0 0 1 0 0 0 5
0 3 9 0 2 0 0 0 0
0 0 0 0 0 7 0 0 0
0 0 1 0 0 6 0 0 0
0 0 0 5 0 8 0 0 6
0 0 0 0 0 0 0 9 0
0 0 0 0 0 0 0 4 0
7 5 0 0 0 0 0 0 0
6 1 2 8 5 9 4 3 7
4 8 7 6 1 3 9 2 5
5 3 9 7 2 4 8 6 1
9 6 5 1 3 7 2 8 4
8 7 1 2 4 6 3 5 9
2 4 3 5 9 8 1 7 6
3 2 6 4 7 1 5 9 8
1 9 8 3 6 5 7 4 2
7 5 4 9 8 2 6 1 3
depth of DFS:19
times of DFS called:4200

4 1 0 0 9 0 0 0 0
0 0 0 0 0 0 8 6 0
0 0 0 0 5 0 0 0 0
0 0 0 0 0 8 4 0 1
0 0 0 3 0 2 0 0 0
0 0 0 0 0 6 0 0 0
0 8 6 0 0 0 0 3 0
0 0 2 0 0 0 0 0 0
0 0 0 0 0 0 0 0 7
4 1 8 6 9 7 3 5 2
9 7 5 2 3 1 8 6 4
2 6 3 8 5 4 7 1 9
6 3 9 5 7 8 4 2 1
5 4 7 3 1 2 6 9 8
8 2 1 9 4 6 5 7 3
7 8 6 4 2 9 1 3 5
1 5 2 7 8 3 9 4 6
3 9 4 1 6 5 2 8 7
depth of DFS:19
times of DFS called:4187

0 0 0 0 1 0 0 0 0
7 0 0 0 0 0 2 0 0
4 5 0 0 3 0 0 0 0
0 0 0 0 0 0 0 3 0
0 0 0 9 0 0 0 0 0
6 0 2 0 0 0 7 0 0
0 1 0 0 0 0 0 5 0
0 8 0 2 0 0 0 0 0
0 0 0 7 0 6 0 0 0
2 6 8 4 1 7 5 9 3
7 3 1 5 6 9 2 8 4
4 5 9 8 3 2 1 6 7
8 7 5 6 2 4 9 3 1
1 4 3 9 7 5 8 2 6
6 9 2 1 8 3 7 4 5
9 1 7 3 4 8 6 5 2
3 8 6 2 5 1 4 7 9
5 2 4 7 9 6 3 1 8
depth of DFS:17
times of DFS called:4126

0 0 0 0 2 0 0 0 0
7 0 0 0 0 0 1 0 0
4 8 0 0 3 0 0 0 0
0 0 0 0 0 0 0 3 0
0 0 0 9 0 0 0 0 0
6 0 1 0 0 0 7 0 0
0 2 0 0 0 0 0 8 0
0 5 0 1 0 0 0 0 0
0 0 0 7 0 6 0 0 0
1 6 5 4 2 7 8 9 3
7 3 2 8 6 9 1 5 4
4 8 9 5 3 1 2 6 7
5 7 8 6 1 4 9 3 2
2 4 3 9 7 8 5 1 6
6 9 1 2 5 3 7 4 8
9 2 7 3 4 5 6 8 1
3 5 6 1 8 2 4 7 9
8 1 4 7 9 6 3 2 5
depth of DFS:17
times of DFS called:4126

0 0 0 0 0 0 0 7 0
0 0 0 0 6 1 0 0 0
8 0 0 0 0 0 0 0 5
0 0 0 0 0 0 2 0 0
0 0 0 4 0 0 1 0 0
0 6 7 0 3 0 0 0 0
4 0 0 5 0 0 0 0 0
0 0 0 0 0 7 6 0 0
0 2 0 0 0 0 0 3 0
2 1 9 8 5 3 4 7 6
7 5 4 9 6 1 3 8 2
8 3 6 7 4 2 9 1 5
3 4 8 6 1 5 2 9 7
5 9 2 4 7 8 1 6 3
1 6 7 2 3 9 5 4 8
4 7 3 5 9 6 8 2 1
9 8 1 3 2 7 6 5 4
6 2 5 1 8 4 7 3 9
depth of DFS:18
times of DFS called:4121

0 0 0 0 9 0 0 0 0
2 0 0 0 0 0 7 0 0
0 0 0 0 3 0 4 5 0
0 3 0 0 0 0 0 0 0
0 0 0 1 0 0 0 0 0
7 0 0 0 0 0 6 0 2
0 5 0 0 0 0 0 9 0
0 0 0 2 0 0 0 8 0
0 0 0 7 0 6 0 0 0
5 1 3 4 9 7 2 6 8
2 8 4 5 6 1 7 3 9
9 6 7 8 3 2 4 5 1
1 3 9 6 2 4 8 7 5
8 2 6 1 7 5 9 4 3
7 4 5 9 8 3 6 1 2
6 5 2 3 4 8 1 9 7
4 7 1 2 5 9 3 8 6
3 9 8 7 1 6 5 2 4
depth of DFS:18
times of DFS called:4068

0 0 0 0 0 0 0 3 0
0 0 2 0 0 7 0 0 0
0 0 0 0 5 4 0 1 0
0 1 0 0 0 0 0 0 0
0 0 0 0 0 0 0 0 9
0 0 7 2 0 6 0 0 0
0 5 0 0 3 0 0 0 0
0 0 0 0 8 0 0 0 2
0 0 0 0 0 0 6 0 7
1 9 5 8 6 2 7 3 4
4 8 2 3 1 7 9 6 5
7 6 3 9 5 4 2 1 8
3 1 9 5 7 8 4 2 6
6 2 8 1 4 3 5 7 9
5 4 7 2 9 6 1 8 3
2 5 6 7 3 9 8 4 1
9 7 4 6 8 1 3 5 2
8 3 1 4 2 5 6 9 7
depth of DFS:17
times of DFS called:4014
